0,546
1712,256
1713,293
1713,292
1713,291
1713,290
1705,104
1711,130
1712,255
1711,103
1711,61
1717,85
1716,102
1715,91
1709,103
1712,254
0,544
1712,253
0,541
1713,14
1705,7
1711,10
1713,13
1713,12
1713,11
1713,10
1713,9
1705,6
1713,8
1711,9
1713,7
1705,5
1711,8
1713,6
1711,60
1711,55
1711,42
1711,31
1711,129
1711,30
1711,7
1713,1
1713,483
1713,3
1705,1
1705,103
1705,3
1711,1
1711,102
1711,3
0,509
1698,1
1698,3
1697,5
1697,4
1697,1
1697,3
1701,4
1701,1
1701,3
14,5
0,273
0,270
10,169
10,95
10,101
10,275
11,29
11,28
11,27
11,26
11,25
10,161
11,24
11,23
11,22
11,21
10,229
11,20
10,221
11,18
11,17
11,15
11,14
11,13
11,12
11,11
11,10
11,19
11,9
11,7
11,6
11,5
11,4
11,3
11,2
11,1
10,309
8,11
8,7
8,13
8,6
10,303
8,8
8,2
8,3
10,300
12,2
12,1
12,3
10,299
10,280
10,279
10,273
10,269
10,267
10,266
10,265
10,264
10,256
10,249
10,243
10,238
10,235
10,232
20,2
20,1
20,3
10,227
10,220
19,2
19,1
19,3
10,217
10,216
10,208
10,202
10,194
10,191
10,188
10,182
10,179
10,167
10,162
10,157
10,155
10,152
10,142
10,134
10,133
10,131
10,115
10,99
10,86
10,83
10,81
10,77
10,72
10,69
18,1
18,3
10,30
10,29
10,25
10,8
10,5
10,3
10,2
10,1
9,7
9,6
9,5
9,4
9,3
9,2
9,1
8,18
8,17
8,16
8,1
8,15
3,3
3,2
3,1
2,3
2,2
2,1
0,507
13,1
13,3
14,1
14,4
14,3
0,9
0,0
1752,34
1752,33
1752,32
1752,31
1752,30
1752,29
1752,28
1752,27
1752,26
1752,25
1752,24
1752,23
1752,22
1752,21
1752,20
1752,19
1752,18
1752,17
1752,16
1752,15
1752,14
1752,13
1752,12
1752,11
1752,10
1752,9
1752,8
1752,7
1752,6
1752,5
1752,4
1752,3
1752,2
1752,0
0,276
0,275
0,272
0,271
0,12
0,501
0,10
0,8
0,429
0,459
0,268
0,495
0,458
0,267
0,561
0,457
0,266
0,415
0,456
0,265
0,520
0,565
0,264
0,519
0,434
0,263
0,527
0,529
0,262
0,452
0,412
0,261
0,533
0,427
0,260
0,449
0,396
0,259
0,447
0,389
0,258
0,445
0,466
0,257
0,443
0,400
0,256
0,508
0,433
0,255
0,304
0,441
0,254
0,538
0,440
0,253
0,560
0,439
0,252
0,506
0,558
0,251
0,505
0,425
0,250
0,504
0,460
0,249
0,503
0,315
0,248
0,435
0,525
0,247
0,487
0,553
0,246
0,432
0,416
0,245
0,430
0,571
